0.000000000000000000e+00
1.666666666666666574e-01
3.333333333333333148e-01
5.000000000000000000e-01
6.666666666666666297e-01
8.333333333333333703e-01
1.000000000000000000e+00
1.166666666666666741e+00
1.333333333333333259e+00
1.500000000000000000e+00
1.666666666666666741e+00
1.833333333333333259e+00
2.000000000000000000e+00
2.166666666666666519e+00
2.333333333333333481e+00
2.500000000000000000e+00
2.666666666666666963e+00
2.833333333333333481e+00
3.000000000000000000e+00
3.166666666666666519e+00
3.333333333333333481e+00
3.399999999999999911e+00
3.466666666666666785e+00
3.533333333333333215e+00
3.600000000000000089e+00
3.666666666666666963e+00
3.733333333333333393e+00
3.799999999999999822e+00
3.866666666666666696e+00
3.933333333333333126e+00
4.000000000000000000e+00
4.066666666666666430e+00
4.133333333333333748e+00
4.200000000000000178e+00
4.266666666666666607e+00
4.333333333333333037e+00
4.400000000000000355e+00
4.466666666666666785e+00
4.533333333333333215e+00
4.599999999999999645e+00
4.666666666666666963e+00
4.733333333333333393e+00
4.799999999999999822e+00
4.866666666666667140e+00
4.933333333333332682e+00
5.000000000000000000e+00
5.066666666666667318e+00
5.133333333333332860e+00
5.200000000000000178e+00
5.266666666666666607e+00
5.333333333333333037e+00
5.400000000000000355e+00
5.466666666666666785e+00
5.533333333333333215e+00
5.599999999999999645e+00
5.666666666666666963e+00
5.733333333333333393e+00
5.799999999999999822e+00
5.866666666666667140e+00
5.933333333333333570e+00
6.000000000000000000e+00
6.066666666666666430e+00
6.133333333333333748e+00
6.200000000000000178e+00
6.266666666666666607e+00
6.333333333333333037e+00
6.400000000000000355e+00
6.466666666666666785e+00
6.533333333333333215e+00
6.599999999999999645e+00
6.666666666666666963e+00
6.733333333333333393e+00
6.799999999999999822e+00
6.866666666666667140e+00
6.933333333333333570e+00
7.000000000000000000e+00
7.066666666666667318e+00
7.133333333333332860e+00
7.200000000000000178e+00
7.266666666666666607e+00
7.333333333333333037e+00
7.400000000000000355e+00
7.466666666666666785e+00
7.533333333333333215e+00
7.599999999999999645e+00
7.666666666666666963e+00
7.733333333333333393e+00
7.800000000000000711e+00
7.866666666666667140e+00
7.933333333333332682e+00
8.000000000000000000e+00
8.066666666666666430e+00
8.133333333333332860e+00
8.200000000000001066e+00
8.266666666666665719e+00
8.333333333333333925e+00
8.400000000000000355e+00
8.466666666666666785e+00
8.533333333333333215e+00
8.599999999999999645e+00
8.666666666666666075e+00
8.733333333333334281e+00
8.800000000000000711e+00
8.866666666666665364e+00
8.933333333333333570e+00
9.000000000000000000e+00
9.066666666666666430e+00
9.133333333333334636e+00
9.199999999999999289e+00
9.266666666666665719e+00
9.333333333333333925e+00
9.400000000000000355e+00
9.466666666666666785e+00
9.533333333333333215e+00
9.587999999999999190e+00
9.587999999999999190e+00
9.587999999999999190e+00
9.587999999999999190e+00
9.587999999999999190e+00
9.587999999999999190e+00
9.587999999999999190e+00
9.587999999999999190e+00
9.587999999999999190e+00
9.587999999999999190e+00
9.587999999999999190e+00
9.587999999999999190e+00
9.587999999999999190e+00
9.587999999999999190e+00
9.587999999999999190e+00
9.587999999999999190e+00
9.587999999999999190e+00
9.587999999999999190e+00
9.587999999999999190e+00
9.587999999999999190e+00
9.587999999999999190e+00
9.587999999999999190e+00
9.587999999999999190e+00
9.587999999999999190e+00
9.587999999999999190e+00
9.587999999999999190e+00
9.587999999999999190e+00
9.587999999999999190e+00
9.587999999999999190e+00
9.587999999999999190e+00
9.587999999999999190e+00
9.587999999999999190e+00
9.587999999999999190e+00
9.587999999999999190e+00
9.587999999999999190e+00
9.587999999999999190e+00
9.587999999999999190e+00
9.587999999999999190e+00
9.587999999999999190e+00
9.587999999999999190e+00
9.587999999999999190e+00
9.587999999999999190e+00
9.587999999999999190e+00
9.587999999999999190e+00
9.587999999999999190e+00
9.587999999999999190e+00
9.587999999999999190e+00
9.587999999999999190e+00
9.587999999999999190e+00
9.587999999999999190e+00
9.587999999999999190e+00
9.587999999999999190e+00
9.587999999999999190e+00
9.587999999999999190e+00
9.587999999999999190e+00
9.587999999999999190e+00
9.587999999999999190e+00
9.587999999999999190e+00
9.587999999999999190e+00
9.587999999999999190e+00
9.587999999999999190e+00
9.587999999999999190e+00
9.587999999999999190e+00
9.587999999999999190e+00
9.587999999999999190e+00
9.587999999999999190e+00
9.587999999999999190e+00
9.587999999999999190e+00
9.587999999999999190e+00
9.587999999999999190e+00
9.587999999999999190e+00
9.587999999999999190e+00
9.587999999999999190e+00
9.587999999999999190e+00
9.587999999999999190e+00
9.587999999999999190e+00
9.587999999999999190e+00
9.587999999999999190e+00
9.587999999999999190e+00
9.587999999999999190e+00
9.587999999999999190e+00
9.587999999999999190e+00
9.587999999999999190e+00
9.587999999999999190e+00
9.587999999999999190e+00
9.587999999999999190e+00
9.587999999999999190e+00
9.587999999999999190e+00
9.587999999999999190e+00
9.587999999999999190e+00
9.587999999999999190e+00
9.587999999999999190e+00
9.587999999999999190e+00
9.587999999999999190e+00
9.587999999999999190e+00
9.587999999999999190e+00
9.587999999999999190e+00
9.587999999999999190e+00
9.587999999999999190e+00
9.587999999999999190e+00
9.587999999999999190e+00
9.587999999999999190e+00
9.587999999999999190e+00
9.587999999999999190e+00
9.587999999999999190e+00
9.587999999999999190e+00
9.587999999999999190e+00
9.587999999999999190e+00
9.587999999999999190e+00
9.587999999999999190e+00
9.587999999999999190e+00
9.587999999999999190e+00
9.587999999999999190e+00
9.587999999999999190e+00
9.587999999999999190e+00
9.587999999999999190e+00
9.587999999999999190e+00
9.587999999999999190e+00
9.587999999999999190e+00
9.587999999999999190e+00
9.587999999999999190e+00
9.587999999999999190e+00
9.587999999999999190e+00
9.587999999999999190e+00
9.587999999999999190e+00
9.587999999999999190e+00
9.587999999999999190e+00
9.587999999999999190e+00
9.587999999999999190e+00
9.587999999999999190e+00
9.587999999999999190e+00
9.587999999999999190e+00
9.587999999999999190e+00
9.587999999999999190e+00
9.587999999999999190e+00
9.587999999999999190e+00
9.587999999999999190e+00
9.587999999999999190e+00
9.587999999999999190e+00
9.587999999999999190e+00
9.587999999999999190e+00
9.587999999999999190e+00
9.587999999999999190e+00
9.587999999999999190e+00
9.587999999999999190e+00
9.587999999999999190e+00
9.587999999999999190e+00
9.587999999999999190e+00
9.587999999999999190e+00
9.587999999999999190e+00
9.587999999999999190e+00
9.587999999999999190e+00
9.587999999999999190e+00
9.587999999999999190e+00
9.587999999999999190e+00
9.587999999999999190e+00
9.587999999999999190e+00
9.587999999999999190e+00
9.587999999999999190e+00
9.587999999999999190e+00
9.587999999999999190e+00
9.587999999999999190e+00
9.587999999999999190e+00
9.587999999999999190e+00
9.587999999999999190e+00
9.587999999999999190e+00
9.587999999999999190e+00
9.587999999999999190e+00
9.587999999999999190e+00
9.587999999999999190e+00
9.587999999999999190e+00
9.587999999999999190e+00
9.587999999999999190e+00
9.587999999999999190e+00
9.587999999999999190e+00
9.587999999999999190e+00
9.587999999999999190e+00
9.587999999999999190e+00
9.587999999999999190e+00
9.587999999999999190e+00
9.587999999999999190e+00
9.587999999999999190e+00
9.587999999999999190e+00
9.587999999999999190e+00
9.587999999999999190e+00
9.587999999999999190e+00
