-1.400000000000000029e-02
4.563333333333332575e+00
1.161866666666666603e+01
2.037000000000000099e+01
2.959816666666666407e+01
3.882683333333333309e+01
4.759900000000000375e+01
5.594233333333334457e+01
6.401366666666666561e+01
7.193800000000000239e+01
7.969033333333332791e+01
8.725583333333334224e+01
9.493300000000000693e+01
1.025903333333333336e+02
1.103490000000000038e+02
1.182279999999999944e+02
1.257803333333333455e+02
1.333546666666666454e+02
1.410745000000000005e+02
1.484693333333333669e+02
1.556807777777777915e+02
1.584929999999999950e+02
1.613213333333333139e+02
1.641056666666666786e+02
1.670579999999999927e+02
1.698048333333333630e+02
1.724936666666666554e+02
1.750089999999999861e+02
1.772249999999999943e+02
1.798213333333333139e+02
1.821730000000000018e+02
1.848356666666666683e+02
1.874206666666666763e+02
1.899710000000000036e+02
1.922203333333333433e+02
1.945381666666666547e+02
1.969300000000000068e+02
1.990123333333333164e+02
2.009623333333333335e+02
2.028859999999999957e+02
2.048950000000000102e+02
2.068203333333333092e+02
2.086469999999999914e+02
2.102933333333333508e+02
2.116896666666666817e+02
2.133433333333333337e+02
2.144526666666666586e+02
2.154603333333333239e+02
2.163319999999999936e+02
2.171158333333333132e+02
2.182239999999999895e+02
2.198410000000000082e+02
2.209110000000000014e+02
2.218859999999999957e+02
2.225900000000000034e+02
2.232708333333333144e+02
2.234023333333333028e+02
2.232539999999999907e+02
2.230661666666666747e+02
2.235286666666666520e+02
2.235120000000000005e+02
2.231786666666666576e+02
2.231424444444444930e+02
2.223700000000000045e+02
2.219369999999999834e+02
2.206140000000000327e+02
2.193389999999999986e+02
2.178550000000000182e+02
2.172498333333333562e+02
2.161970000000000027e+02
2.145606666666666626e+02
2.133721666666666579e+02
2.109000000000000057e+02
2.087423333333333062e+02
2.072016666666666822e+02
2.061229999999999905e+02
2.046988333333333401e+02
2.033853333333333353e+02
2.008640000000000043e+02
1.984416666666666629e+02
1.965603333333333183e+02
1.945914999999999964e+02
1.921433333333333451e+02
1.886490000000000009e+02
1.851370000000000005e+02
1.813353333333333524e+02
1.777963333333333367e+02
1.741709999999999923e+02
1.710086666666666417e+02
1.673105000000000189e+02
1.644349999999999739e+02
1.604564999999999770e+02
1.565643333333333374e+02
1.527499999999999147e+02
1.496544999999999845e+02
1.446638333333333435e+02
1.384339999999999975e+02
1.337576666666666654e+02
1.302356666666667309e+02
1.254675000000000580e+02
1.211033333333333388e+02
1.170056666666666558e+02
1.121550000000000011e+02
1.081821666666666886e+02
1.049303333333333370e+02
1.016470000000000056e+02
9.890800000000000125e+01
9.766349999999997067e+01
9.515149999999999864e+01
9.313900000000001000e+01
9.060233333333333405e+01
8.861299999999999955e+01
8.656566666666665810e+01
8.463133333333340147e+01
8.251999999999999602e+01
8.251999999999999602e+01
8.251999999999999602e+01
8.251999999999999602e+01
8.251999999999999602e+01
8.251999999999999602e+01
8.251999999999999602e+01
8.251999999999999602e+01
8.251999999999999602e+01
8.251999999999999602e+01
8.251999999999999602e+01
8.251999999999999602e+01
8.251999999999999602e+01
8.251999999999999602e+01
8.251999999999999602e+01
8.251999999999999602e+01
8.251999999999999602e+01
8.251999999999999602e+01
8.251999999999999602e+01
8.251999999999999602e+01
8.251999999999999602e+01
8.251999999999999602e+01
8.251999999999999602e+01
8.251999999999999602e+01
8.251999999999999602e+01
8.251999999999999602e+01
8.251999999999999602e+01
8.251999999999999602e+01
8.251999999999999602e+01
8.251999999999999602e+01
8.251999999999999602e+01
8.251999999999999602e+01
8.251999999999999602e+01
8.251999999999999602e+01
8.251999999999999602e+01
8.251999999999999602e+01
8.251999999999999602e+01
8.251999999999999602e+01
8.251999999999999602e+01
8.251999999999999602e+01
8.251999999999999602e+01
8.251999999999999602e+01
8.251999999999999602e+01
8.251999999999999602e+01
8.251999999999999602e+01
8.251999999999999602e+01
8.251999999999999602e+01
8.251999999999999602e+01
8.251999999999999602e+01
8.251999999999999602e+01
8.251999999999999602e+01
8.251999999999999602e+01
8.251999999999999602e+01
8.251999999999999602e+01
8.251999999999999602e+01
8.251999999999999602e+01
8.251999999999999602e+01
8.251999999999999602e+01
8.251999999999999602e+01
8.251999999999999602e+01
8.251999999999999602e+01
8.251999999999999602e+01
8.251999999999999602e+01
8.251999999999999602e+01
8.251999999999999602e+01
8.251999999999999602e+01
8.251999999999999602e+01
8.251999999999999602e+01
8.251999999999999602e+01
8.251999999999999602e+01
8.251999999999999602e+01
8.251999999999999602e+01
8.251999999999999602e+01
8.251999999999999602e+01
8.251999999999999602e+01
8.251999999999999602e+01
8.251999999999999602e+01
8.251999999999999602e+01
8.251999999999999602e+01
8.251999999999999602e+01
8.251999999999999602e+01
8.251999999999999602e+01
8.251999999999999602e+01
8.251999999999999602e+01
8.251999999999999602e+01
8.251999999999999602e+01
8.251999999999999602e+01
8.251999999999999602e+01
8.251999999999999602e+01
8.251999999999999602e+01
8.251999999999999602e+01
8.251999999999999602e+01
8.251999999999999602e+01
8.251999999999999602e+01
8.251999999999999602e+01
8.251999999999999602e+01
8.251999999999999602e+01
8.251999999999999602e+01
8.251999999999999602e+01
8.251999999999999602e+01
8.251999999999999602e+01
8.251999999999999602e+01
8.251999999999999602e+01
8.251999999999999602e+01
8.251999999999999602e+01
8.251999999999999602e+01
8.251999999999999602e+01
8.251999999999999602e+01
8.251999999999999602e+01
8.251999999999999602e+01
8.251999999999999602e+01
8.251999999999999602e+01
8.251999999999999602e+01
8.251999999999999602e+01
8.251999999999999602e+01
8.251999999999999602e+01
8.251999999999999602e+01
8.251999999999999602e+01
8.251999999999999602e+01
8.251999999999999602e+01
8.251999999999999602e+01
8.251999999999999602e+01
8.251999999999999602e+01
8.251999999999999602e+01
8.251999999999999602e+01
8.251999999999999602e+01
8.251999999999999602e+01
8.251999999999999602e+01
8.251999999999999602e+01
8.251999999999999602e+01
8.251999999999999602e+01
8.251999999999999602e+01
8.251999999999999602e+01
8.251999999999999602e+01
8.251999999999999602e+01
8.251999999999999602e+01
8.251999999999999602e+01
8.251999999999999602e+01
8.251999999999999602e+01
8.251999999999999602e+01
8.251999999999999602e+01
8.251999999999999602e+01
8.251999999999999602e+01
8.251999999999999602e+01
8.251999999999999602e+01
8.251999999999999602e+01
8.251999999999999602e+01
8.251999999999999602e+01
8.251999999999999602e+01
8.251999999999999602e+01
8.251999999999999602e+01
8.251999999999999602e+01
8.251999999999999602e+01
8.251999999999999602e+01
8.251999999999999602e+01
8.251999999999999602e+01
8.251999999999999602e+01
8.251999999999999602e+01
8.251999999999999602e+01
8.251999999999999602e+01
8.251999999999999602e+01
8.251999999999999602e+01
8.251999999999999602e+01
8.251999999999999602e+01
8.251999999999999602e+01
8.251999999999999602e+01
8.251999999999999602e+01
8.251999999999999602e+01
8.251999999999999602e+01
8.251999999999999602e+01
8.251999999999999602e+01
8.251999999999999602e+01
8.251999999999999602e+01
8.251999999999999602e+01
8.251999999999999602e+01
8.251999999999999602e+01
8.251999999999999602e+01
8.251999999999999602e+01
8.251999999999999602e+01
8.251999999999999602e+01
8.251999999999999602e+01
8.251999999999999602e+01
8.251999999999999602e+01
8.251999999999999602e+01
8.251999999999999602e+01
8.251999999999999602e+01
